0.0 0.0 0.0 0.0 0.0 0.0 
0.1 0.4100000000000002 0.8000000000000005 0.6400000000000003 0.16999999999999998 0.0 
0.2 1.0500000000000007 1.3100000000000007 0.41000000000000014 0.03 0.0 
0.3 1.1800000000000008 1.9400000000000013 0.43000000000000016 0.03 0.0 
0.4 2.060000000000001 1.3200000000000007 0.21000000000000002 0.0 0.0 
0.5 2.549999999999999 1.260000000000001 0.13999999999999999 0.0 0.0 
0.6 2.969999999999999 0.9900000000000002 0.0 0.0 0.0 
0.7 3.4199999999999986 0.7400000000000002 0.01 0.0 0.0 
0.8 4.089999999999999 0.23000000000000007 0.0 0.0 0.0 
0.9 4.5399999999999965 0.09 0.0 0.0 0.0 
1.0 4.99999999999999 0.0 0.0 0.0 0.0 
