0.0 0.0 0.0 0.0 0.0 0.0 
0.1 0.6500000000000004 0.8400000000000004 0.3800000000000001 0.1 0.02 
0.2 1.0100000000000007 1.4400000000000008 0.3700000000000001 0.04 0.0 
0.3 1.470000000000001 1.3800000000000008 0.3000000000000001 0.02 0.0 
0.4 2.0400000000000014 1.3700000000000008 0.22000000000000003 0.01 0.0 
0.5 2.54 1.310000000000001 0.05 0.0 0.0 
0.6 2.9299999999999993 0.9600000000000006 0.01 0.0 0.0 
0.7 3.4899999999999953 0.6700000000000003 0.0 0.0 0.0 
0.8 4.059999999999997 0.22 0.0 0.0 0.0 
0.9 4.389999999999996 0.16000000000000003 0.0 0.0 0.0 
1.0 4.99999999999999 0.0 0.0 0.0 0.0 
